186

632. 662. 721. 722. 723. 726. 779. 780. 781.
795. 796. 815. 836. 837. 847. 876. 897. 900.
601. 933. 950. 951. 952. 988. 1011. 1024.

1055. 1056. 1057. 1072. 1073. 1079. 1080.

1090. 1092. 1093. 1094. 1095. 1105. 1106.
1107.

Beda. pag. 562. 845.

Benedictus. pag. 79. 87. 99. 133. etc. per
totuin librum.

Caesarius Episcopus, pag. 171. 397. 399.
484. 527. 528. 529. 628. 653. 669. 670. 681.
784. 1070. 1087.

Cassianus. pag. 266. 268. 276. 281. 295.
297. 301. 307. 314. 315. 322. 323. 324. 360.
b. 395. 409. 411. 453. 493. 544. 558. 559.
624. 643. 645. 698. 750. 781. 782. 794. 826.
827. 914. 831. 967. 968. 969. 970.1058.1074.

Cassiodorus. pag. 384.

Columbanus. pag. 199. 232. 234.247.260.

334. 485. 506. 508. 509. 710. 1082. 1101.

RegulaCujusdam. pag. 182. 185. 248. 287.
290. 291. 433. 466. 483. 501. 509. 519. 545.
572. 573. 579. 600. 610. 626. 652. 672. 686.
703. 717. 728. 761. 785. 800. 1029 1039.
1042. 1097. 1968.

Cujusdam (Trithemio, Servi Dei, regula
ad Sorores.) pag. 629.

bonatus. pag. 255. 289. 560. 883.

Ferriolus, sive Ferreolus. pag. 96. 174.
220. 235. 303. 305. 420. 465. 502. 504. 505.
516. 529. 580. 622. 635. 713. 733. 823. 824.
908. 909. 910, 953. 1012. 1058.1085.1099.

S. Fructuosus Episcopus, pag. 117. 139.
174. 241. 270. 271. 272. 275, 281. 309. 313.
363. b. 416. 418. 447. 450. 464. 481. 500.
517. 537. 542. 548. 572. 577. 608. 620. 621.
seq. 661. 671. 682. 684. 696. 720. 732. 747.
758. 575. 776. 821 . 832. 868. 880. 911. 913.
927. 955. 956. 1026. 1027. 1098. “

Fructuosus alter. pag. 140. 179. 732. 793.
958. 960. 961.

(iri—gorius Nazianzenus. pag. 550.

liu-iniquius. pag. 116. 932. 1018. 1025.

llorsiesis³ vide Orsiesis.

BENEDICTUS

Basilius. pag. 112. 151. 184. 185. 193.
194.195. 211. 212. 213. 214. 215. 241. 244.
245. 259. 2 62. 269. 270. 275. 278. 279. 294.
305. 208. 317. 385. 386. 387. 405. 476. 477.
478. seq. 485. 496. 497. 510. 569. 570. 592.
593. 594. 605. 606. 607. 616. 617. 618. 626.

Isidorus. pag. 83. 119. 15Ο.173. 187. 215.
217. 279. 330. 430. 463. 480. 497. 511. 534.
541. 568. 571. 583. 591. 607. 619. 620. 642.
643. 663. 686. 695. 711. 712. 713. 744. 746.
757. 778. 779. 818. 869. 870. 878. 879. 880.
903. 906. 907. 652. 991. 1026. 1043. 1044.
1060. 1087.

Macarius pag. 161. 210. 274. 567. 796.
809. 810. 866. 868. 930. 847.

Magister. pag. 93. 105. 142 227. 228. 236.
249. 250. 282. 325. 365. 400. 406 438. 459.
461. 520. 523. 537. 545. 572. 578. 584. 596.
608. 646. 648. 652. 673. 674. 681. 686. 700.
716. 734. 752. 759. 772. seq. 774. 838. 849.
855. 861. 871. 872. 918. 926. 931. 972 967.
b. 968. b. 971. b. 993. 1001. 1036. 1062.
1064. 1067. 1068. 1069. 1087.

Orientalium regula.pag.183.196.422. 424.
426. 433. 482. 572. 595. 625. 699. 758759.
882. 971. 10351042. 1059. 1081.

Orsiesis. pag. 86. 163.166. 167. 169170.
226. 432. 615. 876. 907. 1076.

Pachomius. pag. 192. 193. 219. 246. 427.
429. 430. 471. 472 473. 474 475. 476. 492.
493. 506. 576. 597. 604. 605. 616. 658. 659.
660. 661. 693. 694. 695. 756. 768. 769. 77 .
813. 814. 847. 865. 895. 916. 917. 948949.
1045. 1047. 1051. 1052. 1053. 1054. 1055.
1076.

Regula Patrum: pag. 161. 162. 196. 232.
407. 495. 515. 590. 604. 676. 693. 766.798.
811. 812. 855. 867 894. 927. 945. 1009.
1010. 1050. 1082. 1095.

Aliorum Patrum. pag. 678. 767. 945.

Cujusdam Patris. pag. 198. 235.783. 830.

Paulus ct Stephanus. pag. 85. 197. 246.
388. 489. 594. 619. 777. 778. 789. 799. 815. ς
716. 817. 851. 918. 1046. 1057. “

Tarnatensis regula. pag. 421. 511. 544.
561. 595. 637. 669. 698. 783. 829. 860. 870.
882. 915. 965. 1046. 1058. 1100. 1101.

Valerius. pag. 126.

Iu Bibliothecae Patrum supplemento Co-
loniensi tom. 1, pag. 706 seq. ct. in Lugdu—
nensi editione An. 1672 tom. IX⁷ pag. 655 ’
seq. post Regulam S. Benedicti alia sub ejus
nomine opuscula leguntur, sed quae longe
minoris auctoritatis sunt, ut Epistola ad S.
Remmium, Remorum antistitem: Sermo in
morte S. Placidi, alius in discessu S. Mauri

